5.814602829895234443e-03,9.249495404876093563e-01,6.923585668249564173e-02
9.530501512836500044e-01,3.147102132204942365e-02,1.547882739430074886e-02
2.596587285238113863e-06,3.109832749391607857e-06,9.999942935799653876e-01
7.210537657196995111e-03,9.174523960425128299e-01,7.533706630029010642e-02
4.834391951480328936e-03,8.994901264663254237e-01,9.567548158219406351e-02
9.506638782456215964e-01,3.428075829825874554e-02,1.505536345611961126e-02
4.248344599474512817e-02,9.473835839920600188e-01,1.013297001319483567e-02
1.164070488266727779e-02,1.312618879643872860e-01,8.570974071529452454e-01
1.337969153035014659e-02,6.678425690028597650e-01,3.187777394667897224e-01
1.814057920036721630e-02,9.756065767655477394e-01,6.252844034084887280e-03
1.294840679789469387e-02,2.837439840390579837e-01,7.033076091630472426e-01
9.575005470971454935e-01,3.010622830507786798e-02,1.239322459777677556e-02
9.743558546867644443e-01,1.629881766357811970e-02,9.345327649657444655e-03
9.525955769619348645e-01,3.377581850840460920e-02,1.362860452966060086e-02
9.692379744421832921e-01,1.915802595272691339e-02,1.160399960508977542e-02
5.739785316224453593e-03,9.308289625314818405e-01,6.343125215229372671e-02
4.982206391283361055e-03,3.323265950246491462e-03,9.916945276584702151e-01
1.661013130372743229e-02,9.758828008722261194e-01,7.507067824046520337e-03
7.710685185561648620e-03,9.247010131593917936e-01,6.758830165504642329e-02
6.071343049428537531e-03,4.299247498200571040e-03,9.896294094523711005e-01
9.432651018695045186e-01,4.067199399996045128e-02,1.606290413053479069e-02
1.475916224407471979e-02,4.331370885569716944e-01,5.521037491989531087e-01
9.438108988322676529e-01,3.920691388478605988e-02,1.698218728294626639e-02
6.563020855762916397e-03,6.423385071241525038e-03,9.870135940729956037e-01
3.616294880181154022e-03,2.654118777175430363e-02,9.698425173480647032e-01
1.101886912503715656e-02,5.029680888907386155e-02,9.386843219858890253e-01
5.341330383095944760e-03,5.170388519438092086e-03,9.894882810974660048e-01
4.353635639859918319e-03,3.636704871365327701e-03,9.920096594887748420e-01
9.487617471581227813e-01,3.683994093050071972e-02,1.439831191137658922e-02
9.394771918859017301e-01,4.389188274831516690e-02,1.663092536578299890e-02
