9.693260786636052062e-01,1.985326763099547892e-02,1.082065370539921252e-02
9.522353959333273998e-01,3.427810236940111166e-02,1.348650169727149371e-02
9.677542013293479739e-01,2.152793188054957091e-02,1.071786679010226784e-02
9.483036105637695501e-01,3.696683664752224707e-02,1.472955278870844396e-02
9.721324169471623478e-01,1.754704399028318013e-02,1.032053906255459182e-02
9.532139306565464709e-01,3.078527306632584254e-02,1.600079627712776634e-02
9.644420639389423844e-01,2.343199034543565554e-02,1.212594571562192712e-02
9.595938828284605870e-01,2.741651511863238758e-02,1.298960205290705140e-02
9.494928732456644482e-01,3.651688112174701628e-02,1.399024563258845569e-02
9.518461570465449606e-01,3.441919383483185019e-02,1.373464911862318401e-02
9.682746983046760514e-01,2.030947796436958705e-02,1.141582373095440493e-02
9.517037673280033250e-01,3.344380727729762137e-02,1.485242539469911957e-02
9.568261271437893400e-01,3.067163754815387111e-02,1.250223530805689119e-02
9.767411779700253538e-01,1.510127389116336545e-02,8.157548138811459432e-03
9.857369143120314758e-01,7.748735068951817864e-03,6.514350619016649052e-03
9.787214162981031640e-01,1.160089593406712742e-02,9.677687767829838694e-03
9.780701425109277203e-01,1.278143193962968070e-02,9.148425549442514015e-03
9.663380576938855882e-01,2.198571866692131810e-02,1.167622363919307640e-02
9.523562936972472803e-01,3.206121206183912969e-02,1.558249424091370967e-02
9.687882377939454059e-01,1.949406937314509397e-02,1.171769283290948968e-02
9.408874146619241596e-01,4.216072405176257004e-02,1.695186128631345074e-02
9.625979445128372003e-01,2.417601543434089173e-02,1.322604005282180216e-02
9.872419869713415785e-01,6.971571544259420709e-03,5.786441484398981670e-03
9.172630685551369512e-01,6.096277665568341358e-02,2.177415478917959016e-02
9.177879193064562013e-01,6.039531608160960546e-02,2.181676461193412728e-02
9.317055419934135996e-01,5.082230149829893712e-02,1.747215650828719616e-02
9.429741562522394593e-01,3.995081206727323087e-02,1.707503168048744510e-02
9.625674576934388771e-01,2.497415659617986672e-02,1.245838571038115905e-02
9.661991808814988092e-01,2.246034462267123763e-02,1.134047449582979358e-02
9.442602831927263685e-01,3.972831348945642799e-02,1.601140331781716539e-02
9.385414448680078348e-01,4.473610843696529393e-02,1.672244669502680886e-02
9.499087671419327306e-01,3.493281511135087891e-02,1.515841774671628991e-02
9.798340523388071599e-01,1.140833645882085093e-02,8.757611202372016929e-03
9.828180997246463990e-01,9.318687187198288965e-03,7.863213088155535796e-03
9.518461570465449606e-01,3.441919383483185019e-02,1.373464911862318401e-02
9.728420077544203126e-01,1.780284957057824344e-02,9.355142675001428335e-03
9.739648151343175408e-01,1.657872246253888279e-02,9.456462403143503503e-03
9.518461570465449606e-01,3.441919383483185019e-02,1.373464911862318401e-02
9.621080842013858270e-01,2.621471872552872881e-02,1.167719707308528983e-02
9.593027052370932672e-01,2.768935719412706289e-02,1.300793756877985721e-02
9.723961631038554598e-01,1.747167186594408839e-02,1.013216503020036678e-02
9.223370511819991568e-01,6.085560956699547636e-02,1.680733925100573803e-02
9.684350165862597448e-01,2.089501222537760300e-02,1.066997118836260708e-02
9.375454442005120015e-01,4.353868559752362838e-02,1.891587020196423483e-02
9.295500713297784046e-01,4.899861759934921734e-02,2.145131107087230524e-02
9.479493692899101376e-01,3.754927626464082957e-02,1.450135444544901030e-02
9.655828157668150391e-01,2.192796156675611008e-02,1.248922266642890806e-02
9.611579547978618132e-01,2.654316501019423832e-02,1.229888019194395887e-02
9.684923386835994075e-01,2.010898657786714186e-02,1.139867473853332404e-02
9.635102811868074824e-01,2.466120061214491579e-02,1.182851820104750644e-02
4.093020873178349235e-03,9.783541201712193658e-01,1.755285895560219217e-02
6.252491110689414010e-03,9.713743790341912154e-01,2.237312985511953622e-02
4.662503058622989409e-03,8.999649339576479834e-01,9.537256298372916163e-02
1.082308563270562365e-02,9.503245481401196848e-01,3.885236622717459093e-02
6.163702033314511809e-03,9.025919143622463947e-01,9.124438360443920537e-02
8.094744862608273944e-03,9.170518381492868132e-01,7.485341698810471511e-02
6.019769974042650691e-03,9.236070399769935602e-01,7.037319004896379349e-02
6.991097931876975868e-02,9.139286321116696366e-01,1.616038856956078171e-02
4.778138193449195381e-03,9.664055211589009931e-01,2.881634064764989830e-02
1.677851631112660391e-02,9.639905396445527241e-01,1.923094404432085930e-02
2.750751681798930051e-02,9.622482115389530133e-01,1.024427164305747456e-02
1.000891874370252524e-02,9.710254151991832838e-01,1.896566605711403133e-02
1.011766151427571404e-02,9.804668530216428257e-01,9.415485464081094213e-03
7.510160850716490408e-03,8.703136321541320441e-01,1.221762069951515678e-01
4.128351503676979534e-02,9.487515241753678996e-01,9.964960787862318925e-03
6.778974409216141118e-03,9.843303048058233973e-01,8.890720784960469414e-03
9.455827456255514255e-03,8.863911643040816024e-01,1.041530082396629892e-01
1.383458304869498307e-02,9.798372510640988020e-01,6.328165887206093493e-03
1.465348680280706417e-02,6.466144336743688825e-01,3.387320795228242476e-01
1.622969859095192702e-02,9.756706199906511889e-01,8.099681418397165072e-03
1.406051714352446295e-02,6.050352832882810450e-01,3.809041995681946569e-01
1.370873579768100772e-02,9.798759938200127806e-01,6.415270382306209086e-03
1.544088034891281068e-02,4.222459802579553445e-01,5.623131393931322108e-01
6.179249869072914701e-03,9.171312090739814904e-01,7.668954105694558709e-02
7.860627066779502306e-03,9.822996756267325935e-01,9.839697306487834791e-03
6.364192581036575910e-03,9.806366072851794291e-01,1.299920013378392733e-02
5.269681161137957162e-03,8.893643420784436149e-01,1.053659767604184921e-01
1.046316887140683917e-02,5.923473054657292236e-01,3.971895256628639181e-01
7.620709148168870219e-03,9.090821812025972060e-01,8.329710964923414673e-02
5.097648635395141126e-02,9.372545859727302586e-01,1.176892767331833879e-02
1.840242127314746859e-02,9.732989814216622682e-01,8.298597305190063764e-03
2.552589020760053298e-02,9.672057263638409452e-01,7.268383428558454137e-03
1.766116977886352662e-02,9.757267968051835938e-01,6.612033415952814526e-03
1.666009074546396032e-02,1.822480684618661695e-01,8.010918407926698181e-01
1.099826729732840229e-02,8.573428221292931362e-01,1.316589105733783349e-01
7.657616635522620542e-03,9.606010687853249186e-01,3.174131457915255194e-02
4.691916278620676846e-03,9.452777197553985378e-01,5.003036396598058155e-02
6.997320560084976243e-03,9.070899604657945980e-01,8.591271897412025571e-02
1.483184238428369647e-02,9.754637166040500684e-01,9.704441011666108466e-03
1.199784953535482437e-02,9.649236416566450147e-01,2.307850880800024762e-02
8.969991363512437241e-03,9.190929458677563613e-01,7.193706276873101935e-02
6.424040677894136443e-03,9.328110053774013588e-01,6.076495394470459582e-02
1.295361695725252317e-02,9.776850441339235420e-01,9.361338908823945218e-03
6.171158213374624418e-02,9.238551892786853736e-01,1.443322858756848626e-02
9.824740069406954351e-03,9.613037459715541022e-01,2.887151395903889833e-02
1.295602565096298092e-02,9.780863361173385284e-01,8.957638231698310249e-03
1.102843785005972604e-02,9.736627551346824783e-01,1.530880701525765171e-02
8.217654305676060436e-03,9.792297144611779025e-01,1.255263123314613941e-02
1.335858033345491136e-01,8.388547778512633890e-01,2.755941881418766046e-02
1.215253267449708900e-02,9.747149984669969403e-01,1.313246885850589095e-02
3.637490613479401128e-03,6.822379741734674059e-04,9.956802714123470510e-01
1.578357665603760673e-02,4.881396789832827959e-02,9.354024554456342733e-01
4.903386615298526569e-03,6.601917849953013902e-03,9.884946955347485575e-01
9.198081775710008692e-03,2.354394697223943095e-02,9.672579712520504858e-01
5.310929675728913620e-03,3.228839323801833278e-03,9.914602310004692054e-01
1.752285998044816624e-03,4.484240202781549162e-04,9.977992899816772177e-01
3.019615450637450418e-02,2.540764692065072827e-01,7.157273762871182443e-01
3.297077281454748651e-03,3.168298371427825944e-03,9.935346243471172567e-01
5.690123797941144639e-03,4.999047111270421215e-03,9.893108290907882685e-01
3.570884103796012881e-03,3.239117062863504891e-03,9.931899988333405815e-01
1.387214499072129438e-02,2.681368837989425158e-01,7.179909712103360597e-01
1.186156753699177217e-02,4.194957848770886760e-02,9.461888539752995042e-01
8.765198928221456381e-03,2.942523216697210536e-02,9.618095689048066221e-01
1.548198771077133502e-02,2.690461960148666717e-02,9.576133926877420377e-01
1.147454146027559671e-02,9.256162523024960218e-03,9.792692960166995420e-01
1.103465892565654027e-02,3.554524557047492733e-02,9.534200955038685255e-01
1.137135944073127368e-02,6.302492827597880320e-02,9.256037122832898589e-01
2.056386331562722481e-03,2.091001699369463267e-03,9.958526119690681577e-01
3.056978908714560651e-06,3.660615529191690808e-06,9.999932824055621783e-01
1.770007075368290606e-02,1.139217840413774691e-01,8.683781452049396110e-01
6.180473246036080094e-03,1.045589278158479997e-02,9.833636339723790254e-01
1.920234853576769860e-02,8.363918755177851549e-02,8.971584639124535743e-01
1.483877463284374171e-03,2.674634552311654372e-04,9.982486590814845240e-01
1.669064108983352862e-02,2.801632359603293820e-01,7.031461229498366938e-01
7.597452540562269624e-03,2.342511312272212848e-02,9.689774343367156817e-01
5.947806954086233555e-03,2.697647006583763288e-02,9.670757229800760468e-01
1.636495538284388901e-02,4.222453258909993346e-01,5.613897187261567279e-01
1.593300210239749146e-02,4.124640081493480270e-01,5.716029897482544087e-01
6.977897886638017612e-03,6.199565376805456392e-03,9.868225367365565104e-01
7.715340014522244737e-03,8.381615552776082445e-02,9.084685044577170965e-01
3.877029687326773340e-03,4.752888491492449421e-03,9.913700818211808041e-01
3.828804078555971945e-03,2.524545278411551366e-02,9.709257431373286007e-01
6.459792828515656914e-03,4.167884613730812003e-03,9.893723225577536473e-01
1.398830159828653302e-02,3.984284912507191079e-01,5.875832071509942134e-01
1.091119526768814449e-02,3.736877188805239058e-02,9.517200328442593227e-01
3.101346828264667406e-03,2.530021247796510227e-03,9.943686319239387617e-01
7.357511101479453051e-03,9.028756181855659632e-03,9.836137327166645239e-01
1.094732857332396218e-02,7.309338444831778303e-02,9.159592869783580449e-01
1.585327009151853497e-02,4.974494851195579437e-01,4.866972447889233444e-01
9.960964166092937250e-03,6.946361775724817222e-02,9.205754180766589911e-01
6.333673319043249886e-03,6.541546699610586990e-03,9.871247799813461787e-01
1.237986834855526845e-02,1.236514997072955674e-01,8.639686319441491902e-01
1.578357665603760673e-02,4.881396789832827959e-02,9.354024554456342733e-01
4.646834456059963092e-03,3.527913157315989371e-03,9.918252523866243342e-01
5.580550197545378587e-03,4.810850385821472189e-03,9.896085994166331501e-01
1.157695310581612069e-02,4.764768139474257619e-02,9.407753654994414072e-01
1.543135403871057250e-02,8.356388601351731615e-02,9.010047599477720714e-01
1.313766770203008208e-02,1.134275122301565408e-01,8.734348200678131446e-01
1.055004459943852460e-02,3.005286041616452367e-02,9.593970949843971807e-01
1.672447549845958864e-02,1.710066942131872603e-01,8.122688302883531719e-01
