8.743814862552041767e-01,1.255989268020302752e-01,1.958694276558440916e-05
7.951304264670496780e-01,2.048144531380212685e-01,5.512039492907367717e-05
8.496676555967530575e-01,1.502869603205411186e-01,4.538408270591344539e-05
8.245473149058656359e-01,1.753528726511546509e-01,9.981244297976377741e-05
8.929755678054165369e-01,1.070045278902307662e-01,1.990430435274439697e-05
9.202221004466110132e-01,7.975620603073592385e-02,2.169352265303519403e-05
8.905509504383085639e-01,1.093851253508474064e-01,6.392421084391071027e-05
8.581651670447134617e-01,1.418010328379784024e-01,3.380011730802653485e-05
8.025645073655681694e-01,1.972909373625455209e-01,1.445552718864613032e-04
7.958725203559907646e-01,2.040792984249955866e-01,4.818121901375182120e-05
8.863084673038169603e-01,1.136800652077361168e-01,1.146748844700448760e-05
8.622565292845696394e-01,1.376839220300404010e-01,5.954868538991208154e-05
7.880461633828211854e-01,2.119024968764023908e-01,5.133974077641496528e-05
8.343960505837260122e-01,1.655470960694354066e-01,5.685334683858516829e-05
9.194055640637683879e-01,8.059253124050984318e-02,1.904695721679706239e-06
9.588833207378799628e-01,4.111278584569853095e-02,3.893416421486883881e-06
9.322243802433580750e-01,6.776731576379860233e-02,8.303992843233183097e-06
8.841621983729962553e-01,1.158131812056333726e-01,2.462042137035705489e-05
8.887628765854651558e-01,1.112247405820284696e-01,1.238283250629464064e-05
9.183290981898859506e-01,8.165080513753379676e-02,2.009667258033481885e-05
8.264600932946044587e-01,1.735114465474394685e-01,2.846015795604092886e-05
9.145526624026359963e-01,8.541809281988335667e-02,2.924477748058917280e-05
9.214621512384302271e-01,7.852330563269682706e-02,1.454312887313976950e-05
8.569616619266614554e-01,1.429299744925534299e-01,1.083635807851774302e-04
8.440059303868450158e-01,1.558701134040088310e-01,1.239562091462291884e-04
7.746675146976679249e-01,2.252567147627237421e-01,7.577053960833928198e-05
8.735761951711984441e-01,1.263554971605387045e-01,6.830766826305667550e-05
8.650310757151397079e-01,1.349477666750829863e-01,2.115760977728301306e-05
8.537031945671089694e-01,1.462775824113396461e-01,1.922302155124830977e-05
8.317654497767823507e-01,1.681409492370684322e-01,9.360098614930434499e-05
8.068276258646407406e-01,1.930807828891454858e-01,9.159124621381018838e-05
8.605733744123928997e-01,1.393986292386744930e-01,2.799634893245765273e-05
9.320900826241450554e-01,6.790293740105825260e-02,6.979974796700811059e-06
9.414299906704896026e-01,5.856634311465463982e-02,3.666214855775713978e-06
7.958725203559907646e-01,2.040792984249955866e-01,4.818121901375182120e-05
8.399237107693241500e-01,1.600543546207817691e-01,2.193460989412731807e-05
8.605870143323129939e-01,1.394049062535997197e-01,8.079414087284604823e-06
7.958725203559907646e-01,2.040792984249955866e-01,4.818121901375182120e-05
8.290210225986490711e-01,1.708805147012818215e-01,9.846270006913043988e-05
8.533331605281367915e-01,1.466381126177668248e-01,2.872685409622837926e-05
8.925302585024751378e-01,1.074469723222920559e-01,2.276917523284302180e-05
6.837802295818961040e-01,3.159375552503380646e-01,2.822151677658052567e-04
8.640624382133074155e-01,1.358636382987048474e-01,7.392348798795859836e-05
9.056268417146757788e-01,9.427997181461063303e-02,9.318647071361429838e-05
9.113145055623927959e-01,8.861903789989174218e-02,6.645653771536556278e-05
8.131187840633429254e-01,1.867989918712659181e-01,8.222406539109294887e-05
9.071271974580752406e-01,9.285241587048821688e-02,2.038667143636985961e-05
8.490466227421924472e-01,1.508854548891940817e-01,6.792236861349574292e-05
8.904283072585938985e-01,1.095582196259617808e-01,1.347311544444260809e-05
8.465419720695710470e-01,1.534273447688982439e-01,3.068316153078007541e-05
3.231525886981288787e-02,8.453162858046014971e-01,1.223684553255855317e-01
4.059336739634404612e-02,7.042171463301137857e-01,2.551894862735421543e-01
1.332803829381350516e-02,7.356830590451023388e-01,2.509889026610841456e-01
1.514868184493551456e-02,6.374315613000629543e-01,3.474197568550015935e-01
1.243883565983157531e-02,6.902650920335569040e-01,2.972960723066114808e-01
1.274962957469432008e-02,5.683194943237455110e-01,4.189308761015601013e-01
2.464739164053714529e-02,5.534904874273667286e-01,4.218621209320961296e-01
1.145751112638691560e-01,7.452742923319207735e-01,1.401505964042100705e-01
1.984536840203972655e-02,8.048954974555829756e-01,1.752591341423772875e-01
3.736998597164896407e-02,5.353656692953782104e-01,4.272643447329728672e-01
3.227260124694115995e-02,7.418222263112878023e-01,2.259051724417709961e-01
4.473974984296994611e-02,6.275017210768580878e-01,3.277585290801720563e-01
2.169155079702406869e-02,8.499106601671742034e-01,1.283977890358017904e-01
1.032332704384812672e-02,5.860044353221645075e-01,4.036722376339874629e-01
1.682926453903826058e-01,7.085483280083930691e-01,1.231590266012243529e-01
5.006639935069116115e-02,8.317101398273278878e-01,1.182234608219808608e-01
1.479798006947078727e-02,4.346542311590493868e-01,5.505477887714798069e-01
4.289013644998538460e-02,8.207851124288709777e-01,1.363247511211435059e-01
3.701436127566301929e-03,5.885073968678744549e-01,4.077911670045592518e-01
3.958018105985947749e-02,7.820556874609198017e-01,1.783641314792207833e-01
7.885383746835058355e-03,3.030698444399023139e-01,6.890447718132627353e-01
6.120951417204287259e-02,8.053229903050098670e-01,1.334674955229472881e-01
2.429462844845431749e-03,5.278845720653574380e-01,4.696859650897970972e-01
1.032937564634579287e-02,6.747925237124086095e-01,3.148781006412456063e-01
3.988572486387156890e-02,8.212253019210055127e-01,1.388889732151229739e-01
3.867760373574298527e-02,8.154547303593129293e-01,1.458676659049441549e-01
9.315553566030110658e-03,7.552793924630095690e-01,2.354050539709603984e-01
5.558135831213667846e-03,5.357767982206329549e-01,4.586650659481533165e-01
1.547805031059698404e-02,5.667692106703849930e-01,4.177527390190179379e-01
1.328714763167710977e-01,8.166089018484774531e-01,5.051962183475137286e-02
3.955458857129862116e-02,7.768816023372957513e-01,1.835638090914055998e-01
5.484341534747089880e-02,8.198609681073258937e-01,1.252956165452032700e-01
6.094894111152620447e-02,7.919262123954181609e-01,1.471248464930555999e-01
1.599112154829616331e-03,4.017996525258711871e-01,5.966012353192992057e-01
1.272568487691854398e-02,3.762557614080358492e-01,6.110185537150455426e-01
4.738783301851479807e-02,5.027238750453466576e-01,4.498882919361384403e-01
2.108779234242059292e-02,7.370342201913203661e-01,2.418779874662592144e-01
8.066489873560820506e-03,7.306057736293259941e-01,2.613277364971132166e-01
6.115277599715814028e-02,6.563935631292820982e-01,2.824536608735597754e-01
2.371323606027165090e-02,6.493184064028909575e-01,3.269683575368374506e-01
1.067972848517110412e-02,5.779735203109711561e-01,4.113467512038577745e-01
1.755903439811391104e-02,6.226772019391666468e-01,3.597637636627195046e-01
3.803768077465839725e-02,7.762685358780344602e-01,1.856937833473072119e-01
9.680492170157901921e-02,7.724765693880902839e-01,1.307185089103306830e-01
2.263047548247618806e-02,6.273693314529478204e-01,3.500001930645760817e-01
5.337184729722620202e-02,7.087975519462018648e-01,2.378306007565718916e-01
3.844325483890320000e-02,6.637743910844167150e-01,2.977823540766800225e-01
3.703969748349848767e-02,7.785455452812597432e-01,1.844147572352418107e-01
2.514765344549040882e-01,6.870653456219338873e-01,6.145811992316187189e-02
4.009278551770251164e-02,6.902666341608207912e-01,2.696405803214766972e-01
2.649784687590195798e-04,1.686355229074845419e-01,8.310994986237564275e-01
1.078179875712619680e-03,3.082732726527489531e-01,6.906485474715384765e-01
3.796294701135926198e-04,3.490382451772870986e-01,6.505821253525992942e-01
6.231274083474844195e-04,3.437201760527607841e-01,6.556566965388916923e-01
3.487488818681666147e-04,2.749212399253877503e-01,7.247300111927440502e-01
8.750192833381466111e-05,3.892412551059080683e-01,6.106712429657582542e-01
2.667554139503552739e-03,2.902689491730709448e-01,7.070634966874255189e-01
1.741433929009185357e-04,4.236130327658841344e-01,5.762128238412149717e-01
2.234535757064960964e-04,4.244635683449616836e-01,5.753129780793317938e-01
4.938442829998772321e-04,1.827838057484824641e-01,8.167223499685177801e-01
3.838913999676357974e-03,3.162799835182669717e-01,6.798811024820566873e-01
8.551821344430854746e-04,3.706285489125651367e-01,6.285162689529918412e-01
9.019338203184229432e-04,3.262555950836008578e-01,6.728424710960807520e-01
8.387708994350537468e-04,3.133664430012417790e-01,6.857947860993232059e-01
8.191786053240250045e-04,2.036209485152770671e-01,7.955598728793988883e-01
1.462078845567295554e-03,2.065119224042149537e-01,7.920259987502178411e-01
1.063523913158085418e-03,3.594459305794592274e-01,6.394905455073826017e-01
2.743850981044041945e-04,2.557300662363421462e-01,7.439955486655535077e-01
2.003713535570531714e-05,4.249198329039509670e-01,5.750601299606932226e-01
8.934794470975331243e-04,4.664000994724424309e-01,5.327064210804600686e-01
6.803381369989165012e-04,2.567761784122490343e-01,7.425434834507520510e-01
1.762456449840485309e-03,2.512407364927909392e-01,7.469968070573684837e-01
5.630939406117243845e-05,4.294058018071383320e-01,5.705378887988006298e-01
2.584486067240908142e-03,4.204366389366542278e-01,5.769788749961050067e-01
9.161926897231447266e-04,2.604436167775476818e-01,7.386401905327292239e-01
6.149594602423727420e-04,4.031115187206539274e-01,5.962735218191036468e-01
3.983351085500356353e-03,4.087910009801395406e-01,5.872256479343601621e-01
4.338990779218286284e-03,3.527825417789464679e-01,6.428784674418352996e-01
4.121521492610914360e-04,3.144293665086840828e-01,6.851584813420548148e-01
8.821651646340856285e-04,5.030071781106612017e-01,4.961106567247047239e-01
2.236361692542453421e-04,4.329268849224703897e-01,5.668494789082754171e-01
8.644435697292109696e-04,3.659666848957245366e-01,6.331688715345462626e-01
3.778970936247560909e-04,2.977766484564338123e-01,7.018454544499415082e-01
2.617293948488259858e-03,4.860281968918373496e-01,5.113545091596743974e-01
4.877775763095193147e-04,4.316036157761211633e-01,5.679086066475693695e-01
2.482822241962987929e-04,3.687938917112678072e-01,6.309578260645359871e-01
8.636066302636474226e-04,1.524587249169783998e-01,8.466776684527579366e-01
1.230068860291968266e-03,3.318285707801498230e-01,6.669413603595583107e-01
5.413168672524153874e-03,3.460932801636478207e-01,6.484935511638280081e-01
1.517037397295089131e-03,3.360365335644538431e-01,6.624464290382512388e-01
6.028770184153476241e-04,2.348595224536310644e-01,7.645376005279536091e-01
2.753156378257623233e-03,3.048054125837223460e-01,6.924414310380199167e-01
1.078179875712619680e-03,3.082732726527489531e-01,6.906485474715384765e-01
4.014821499318111503e-04,2.488851396374741065e-01,7.507133782125940957e-01
6.148948291440285534e-04,1.851241286736136915e-01,8.142609764972422726e-01
1.508033650951084471e-03,2.769004507299425155e-01,7.215915156191065050e-01
1.190127697316752543e-03,3.977951352380605932e-01,6.010147370646227172e-01
1.891492656394691465e-03,3.280479464700251646e-01,6.700605608735801244e-01
1.484603133646501339e-03,1.570881095911377812e-01,8.414272872752157628e-01
2.212815790778743189e-03,2.963687807404922769e-01,7.014184034687289682e-01
