1.032937564634579287e-02,6.747925237124086095e-01,3.148781006412456063e-01
8.887628765854651558e-01,1.112247405820284696e-01,1.238283250629464064e-05
2.003713535570531714e-05,4.249198329039509670e-01,5.750601299606932226e-01
1.547805031059698404e-02,5.667692106703849930e-01,4.177527390190179379e-01
9.315553566030110658e-03,7.552793924630095690e-01,2.354050539709603984e-01
8.605733744123928997e-01,1.393986292386744930e-01,2.799634893245765273e-05
1.682926453903826058e-01,7.085483280083930691e-01,1.231590266012243529e-01
2.753156378257623233e-03,3.048054125837223460e-01,6.924414310380199167e-01
3.701436127566301929e-03,5.885073968678744549e-01,4.077911670045592518e-01
6.094894111152620447e-02,7.919262123954181609e-01,1.471248464930555999e-01
3.838913999676357974e-03,3.162799835182669717e-01,6.798811024820566873e-01
7.880461633828211854e-01,2.119024968764023908e-01,5.133974077641496528e-05
8.605870143323129939e-01,1.394049062535997197e-01,8.079414087284604823e-06
7.958725203559907646e-01,2.040792984249955866e-01,4.818121901375182120e-05
9.183290981898859506e-01,8.165080513753379676e-02,2.009667258033481885e-05
2.464739164053714529e-02,5.534904874273667286e-01,4.218621209320961296e-01
3.487488818681666147e-04,2.749212399253877503e-01,7.247300111927440502e-01
3.958018105985947749e-02,7.820556874609198017e-01,1.783641314792207833e-01
1.274962957469432008e-02,5.683194943237455110e-01,4.189308761015601013e-01
3.778970936247560909e-04,2.977766484564338123e-01,7.018454544499415082e-01
8.317654497767823507e-01,1.681409492370684322e-01,9.360098614930434499e-05
4.338990779218286284e-03,3.527825417789464679e-01,6.428784674418352996e-01
8.735761951711984441e-01,1.263554971605387045e-01,6.830766826305667550e-05
4.121521492610914360e-04,3.144293665086840828e-01,6.851584813420548148e-01
8.644435697292109696e-04,3.659666848957245366e-01,6.331688715345461516e-01
1.508033650951084471e-03,2.769004507299425155e-01,7.215915156191065050e-01
2.234535757064960964e-04,4.244635683449616836e-01,5.753129780793317938e-01
4.014821499318111503e-04,2.488851396374741065e-01,7.507133782125940957e-01
8.131187840633429254e-01,1.867989918712658348e-01,8.222406539109308439e-05
8.068276258646407406e-01,1.930807828891454858e-01,9.159124621381018838e-05
