1.121648341213133011e-02,9.540376477245275932e-01,3.474586886334129349e-02
9.411235216531816938e-01,3.662685740570485043e-02,2.224962094111346267e-02
2.576488323480399106e-02,2.134813006542066877e-02,9.528869866997756732e-01
9.631067763664674999e-03,9.464089764150847017e-01,4.395995582125064582e-02
1.564908764115132203e-02,8.966415705137129599e-01,8.770934184513576315e-02
9.547024221952667977e-01,2.704310458015732679e-02,1.825447322457590671e-02
1.208333556718285337e-02,9.835357831212784285e-01,4.380881311538798763e-03
1.842721044466687566e-02,6.817944323859824463e-02,9.133933463167348554e-01
1.272724832917102207e-02,8.194965732005214942e-01,1.677761784703074854e-01
8.171173863424830222e-03,9.884481392883905926e-01,3.380686848184405457e-03
1.489445093056799944e-02,1.397967281580508314e-01,8.453088209113811535e-01
9.611515876086234034e-01,1.961900543539748729e-02,1.922940695597914751e-02
9.585337183329508681e-01,2.175466794104561827e-02,1.971161372600350667e-02
9.602495536798086873e-01,2.102580681149912242e-02,1.872463950869227012e-02
9.618045824918608488e-01,1.955218601400736736e-02,1.864323149413148889e-02
1.440391343018135491e-02,9.131479850818005062e-01,7.244810148801825167e-02
1.102753904788070921e-02,3.645645151356348770e-03,9.853268158007628674e-01
8.002042874581434193e-03,9.866935801797832584e-01,5.304376945635240655e-03
9.388434178241518088e-03,9.563698543831989918e-01,3.424171143855925248e-02
1.115331903403008959e-02,3.628458441243881914e-03,9.852182225247260172e-01
9.561166237652711786e-01,2.346972247849665044e-02,2.041365375623239303e-02
1.326322889673035507e-02,3.517351507310154113e-01,6.350016203722542718e-01
9.573898330209098528e-01,2.465852802569209676e-02,1.795163895339793939e-02
1.077492377980981964e-02,4.417496489763586380e-03,9.848075797304265411e-01
2.425234170764006825e-02,5.086647294082347753e-02,9.248811853515366277e-01
1.433484795208195793e-02,2.623269568647864508e-02,9.594324563614394785e-01
1.320008125683255241e-02,6.859642251020081453e-03,9.799402764921475439e-01
1.146015398649151071e-02,5.461925942451215446e-03,9.830779200710572097e-01
9.602876623613402218e-01,2.119505220327502423e-02,1.851728543538451108e-02
9.557441773550828801e-01,2.476990466648985520e-02,1.948591797842706697e-02
