9.664272779997908902e-01,1.726752071244056982e-02,1.630520128776831446e-02
9.624908903594207032e-01,2.026740630668927984e-02,1.724170333388989548e-02
9.649446677459793120e-01,1.679503349350897762e-02,1.826029876051161321e-02
9.586157722673342985e-01,2.156873960072567403e-02,1.981548813194005526e-02
9.661914733447654058e-01,1.674267251943454757e-02,1.706585413579996338e-02
9.521306028772361651e-01,2.888442251989849219e-02,1.898497460286541899e-02
9.609673763343205000e-01,1.876272143567796202e-02,2.026990223000161434e-02
9.646527064907162163e-01,1.885354481959372261e-02,1.649374868968983901e-02
9.538522094493994130e-01,2.309791063526255364e-02,2.304987991533807845e-02
9.616010550591765904e-01,2.069976947983812390e-02,1.769917546098531691e-02
9.610601364857553897e-01,2.150559836855631471e-02,1.743426514568841706e-02
9.603895506365598411e-01,2.108494271440200518e-02,1.852550664903811553e-02
9.624512411866045225e-01,1.936929677464060626e-02,1.817946203875480185e-02
9.523044528873628733e-01,2.023195063220136272e-02,2.746359648043593046e-02
9.449954385742184160e-01,2.898692151996881336e-02,2.601763990581293026e-02
9.375719354566187658e-01,3.501648535269909213e-02,2.741157919068202761e-02
9.604056423076042792e-01,2.084518160967139405e-02,1.874917608272435102e-02
9.660469077258455606e-01,1.790255688737027451e-02,1.605053538678433839e-02
9.428861424723065099e-01,3.601286443212046995e-02,2.110099309557276689e-02
9.631283930512489766e-01,1.924932872930106356e-02,1.762227821945007433e-02
9.502132292164521266e-01,3.129291952409504751e-02,1.849385125945276695e-02
9.627546483325331028e-01,2.022777006270736616e-02,1.701758160475951021e-02
9.557265564256052226e-01,1.800401597724373207e-02,2.626942759715115289e-02
9.479721435470934709e-01,3.354828344901432391e-02,1.847957300389229535e-02
9.409716454796144269e-01,3.593542636368066145e-02,2.309292815670466181e-02
9.540217807400186434e-01,2.779420060996490652e-02,1.818401865001642234e-02
9.587990754329196452e-01,2.421679891021289582e-02,1.698412565686755957e-02
9.639129241311719110e-01,1.972790677819552529e-02,1.635916909063253252e-02
9.651464357650942905e-01,1.859398311444446228e-02,1.625958112046142420e-02
9.575999604550273769e-01,2.309575332838735909e-02,1.930428621658502111e-02
9.572067424203436481e-01,2.436646438042826268e-02,1.842679319922814127e-02
9.561448403612217151e-01,2.658746793755955781e-02,1.726769170121883468e-02
9.568929774849986858e-01,2.127039193265508818e-02,2.183663058234652787e-02
9.528264239370591859e-01,2.454001839142769606e-02,2.263355767151310066e-02
9.616010550591765904e-01,2.069976947983812390e-02,1.769917546098531691e-02
9.666988587339001571e-01,1.627947314348185057e-02,1.702166812261812767e-02
9.598758350856837485e-01,2.148922861675535423e-02,1.863493629756097711e-02
9.616010550591765904e-01,2.069976947983812390e-02,1.769917546098531691e-02
9.568283420924719174e-01,2.032736421493139961e-02,2.284429369259687384e-02
9.642569327991217243e-01,1.947643611048364282e-02,1.626663109039456698e-02
9.670570388626180680e-01,1.635531686267549176e-02,1.658764427470645064e-02
9.366905262060516435e-01,3.495711961456472033e-02,2.835235417938382352e-02
9.570120664184078585e-01,1.943579303007289191e-02,2.355214055151940225e-02
9.528755804885847835e-01,2.841069031740001832e-02,1.871372919401540283e-02
9.424833164269852404e-01,3.589036719228158590e-02,2.162631638073301762e-02
9.615855347236008654e-01,2.091386470923014412e-02,1.750060056716880655e-02
9.611644398978695936e-01,2.051619040746767778e-02,1.831936969466274948e-02
9.618178694450304489e-01,1.865520434441298586e-02,1.952692621055662769e-02
9.628588467097551895e-01,2.009764692801535926e-02,1.704350636222937490e-02
9.660441721975470131e-01,1.768973438676876841e-02,1.626609341568429484e-02
1.927716228255623235e-02,9.497238557907399237e-01,3.099898192670399316e-02
1.262134417524527971e-02,9.692808985245253695e-01,1.809775730022930226e-02
1.868429422138279117e-02,8.571500122607308425e-01,1.241656935178864912e-01
7.710398410401258368e-03,9.684507590586702852e-01,2.383884253092849806e-02
1.168310075406368657e-02,9.352239423920822858e-01,5.309295685385437974e-02
9.278356415670464818e-03,9.564211189263489565e-01,3.430052465798044681e-02
1.429043762585893891e-02,9.154044401828943522e-01,7.030512219124671058e-02
2.691943346134994391e-02,9.489469619429776737e-01,2.413360459567246916e-02
1.268988331468077005e-02,9.688739025757510115e-01,1.843621410956815601e-02
8.956088156331027186e-03,9.686531662073174509e-01,2.239074563635172488e-02
1.824940679873634369e-02,9.480274694815518099e-01,3.372312371971179085e-02
9.146213508020792360e-03,9.792205098985120593e-01,1.163327659346734093e-02
1.034648495728088084e-02,9.829533424591985202e-01,6.700172583520513925e-03
1.075878471739917866e-02,9.216352886787937404e-01,6.760592660380704277e-02
1.198696090093409952e-02,9.833085881829908281e-01,4.704450916075060204e-03
1.383491710721372614e-02,9.772772156674757182e-01,8.887867225310692662e-03
1.057310779296027556e-02,9.221242785531257313e-01,6.730261365391421169e-02
8.672418749896278201e-03,9.879420831382257351e-01,3.385498111877784187e-03
1.255855902734452634e-02,8.297019061178733113e-01,1.577395348547821763e-01
7.920674020362178033e-03,9.863470378970627950e-01,5.732288082575295006e-03
1.519602604323995292e-02,5.775232149382579783e-01,4.072807590185020254e-01
8.746278087833367007e-03,9.877268810018305922e-01,3.526840910335931906e-03
1.443747360545183898e-02,5.578633165724891096e-01,4.276992098220592786e-01
1.109331569898376439e-02,9.541207432062034366e-01,3.478594109481288055e-02
1.031661517642433988e-02,9.840608134154046338e-01,5.622571408170871053e-03
1.226171635325079556e-02,9.780391677858417676e-01,9.699115860907384784e-03
1.553952276087002850e-02,9.000016015973091310e-01,8.445887564182076590e-02
1.692865783358145013e-02,5.363742811519522924e-01,4.466970610144661569e-01
9.524138102928380797e-03,9.469125964202385060e-01,4.356326547683328498e-02
1.366902254172439914e-02,9.819735531191015054e-01,4.357424339174096294e-03
8.366426062559302948e-03,9.841588489789506733e-01,7.474724958490154732e-03
9.729356092081415178e-03,9.842728786890102555e-01,5.997765218908280779e-03
8.082391767166333466e-03,9.882197657466792462e-01,3.697842486154528756e-03
1.201514285704999643e-02,2.004268175762435600e-01,7.875580395667064471e-01
1.149141984364521717e-02,8.936468685201356399e-01,9.486171163621902325e-02
1.487561018362425561e-02,9.521516554849223102e-01,3.297273433145327809e-02
1.462779457812863476e-02,9.373201866797407078e-01,4.805201874213074070e-02
1.140308869338651186e-02,9.557359555627796821e-01,3.286095574383389450e-02
9.301087008793205296e-03,9.838911221426155373e-01,6.807790848591139393e-03
7.356213298762340723e-03,9.776127525541298269e-01,1.503103414710816113e-02
8.874009569701499928e-03,9.585341817063574021e-01,3.259180872394103895e-02
1.060514482226475493e-02,9.562135242335358942e-01,3.318133094419950524e-02
7.585975961819398442e-03,9.872570158952358454e-01,5.157008142944934787e-03
2.394576201098368509e-02,9.540569330686771155e-01,2.199730492033925150e-02
7.737413917820057212e-03,9.775093654124520359e-01,1.475322066972776375e-02
9.402638727202320551e-03,9.851869021074800559e-01,5.410459165317707715e-03
8.442974066217476606e-03,9.830398680635569209e-01,8.517157870225703156e-03
9.278821128820209305e-03,9.845337259277423536e-01,6.187452943437413665e-03
4.745677221594547107e-02,9.282908330017460852e-01,2.425239478230847151e-02
7.833220189679525672e-03,9.847806187297568625e-01,7.386161080563556289e-03
1.567848665693016841e-02,5.140975356358160747e-03,9.791805379867115633e-01
9.842252008075353872e-03,4.420348924024622428e-02,9.459542587516784895e-01
1.147668653861310187e-02,1.189874566786880764e-02,9.766245677935181391e-01
1.066488245449993821e-02,1.671809238407130985e-02,9.726170251614287832e-01
1.117148895914050685e-02,4.869387038725818753e-03,9.839591240021338114e-01
1.605212067995690634e-02,1.851684275718784925e-02,9.654310365628554491e-01
1.447768469493774905e-02,4.072324312767681143e-01,5.782898840282943986e-01
1.313572892113936547e-02,1.515098622738393457e-02,9.717132848514767884e-01
1.337515389543633172e-02,9.318114677970232643e-03,9.773067314265931893e-01
1.510227674370413775e-02,1.914920711792567759e-02,9.657485161383702055e-01
1.526521891419151643e-02,1.683193863425902492e-01,8.164153947432182257e-01
1.113245076425839822e-02,3.238012984158799429e-02,9.564874193941538261e-01
1.190619641042607764e-02,2.165448813512729428e-02,9.664393154544468345e-01
1.007595376486306558e-02,3.072138769983445705e-02,9.592026585353026213e-01
1.257366436904254134e-02,9.228940388654268204e-03,9.781973952423034246e-01
1.320325947823935628e-02,2.230131221036401115e-02,9.644954283113966742e-01
1.105806104353921661e-02,3.848854103850522096e-02,9.504533979179556891e-01
2.324980101277334538e-02,4.362671897721270842e-02,9.331234800100137727e-01
2.687195375769050806e-02,2.729096180836815960e-02,9.458370844339414329e-01
1.464562589175148061e-02,2.150370300787279310e-01,7.703173440295205676e-01
1.229465204517404819e-02,1.271055289351096310e-02,9.749947950613151448e-01
1.107553883832035520e-02,7.969376535420437391e-02,9.092306958074753975e-01
1.988495035771595601e-02,2.321244219732923261e-02,9.569026074449545893e-01
1.340920550178292987e-02,2.985941703478354192e-01,6.879966241503818747e-01
1.160146415501872585e-02,1.708817186690808274e-02,9.713103639780732435e-01
1.300669853212526629e-02,2.627274865712748292e-02,9.607205528107473080e-01
1.318922727913120728e-02,4.562235682500959122e-01,5.305872044707730106e-01
1.344101131108790641e-02,3.906990499312573695e-01,5.958599387576544171e-01
1.091071991661886689e-02,6.066522080697688522e-03,9.830227580026834611e-01
1.582169161450104264e-02,5.825458570197284552e-02,9.259237226835261847e-01
1.373616451751325310e-02,1.788172823164465089e-02,9.683821072508421723e-01
2.601585801779895610e-02,6.449767688361965345e-02,9.094864650985813315e-01
1.129332781832911685e-02,4.903155332199201494e-03,9.838035168494716487e-01
1.440388810045455104e-02,4.235391197238894123e-01,5.620569921756561893e-01
1.334157632492733413e-02,4.485780821608346958e-02,9.418006154589890766e-01
1.711574340587038168e-02,2.346821126075930575e-02,9.594160453333703265e-01
1.460864403156082736e-02,1.015917950725180735e-02,9.752321764611872057e-01
1.115892641564681341e-02,4.206762927403902286e-02,9.467734443103141828e-01
1.335273842307714218e-02,5.026179859153361296e-01,4.840292756615865444e-01
1.317061705576877406e-02,4.485664833111269872e-02,9.419727346131183676e-01
1.283280526118291305e-02,8.499690440168175196e-03,9.786675042986489048e-01
1.887472293640963389e-02,8.597723868775278278e-02,8.951480383758371184e-01
9.842252008075353872e-03,4.420348924024622428e-02,9.459542587516784895e-01
1.162609791052840805e-02,7.363257859248485519e-03,9.810106442302231056e-01
1.403521479701428688e-02,9.015921390729514373e-03,9.769488638122562074e-01
1.446704420581190059e-02,3.469599421742131790e-02,9.508369615767666705e-01
1.325821723071351002e-02,8.892742602635364535e-02,8.978143567429329730e-01
1.257101568069833586e-02,7.107664641214005152e-02,9.163523379071617514e-01
1.435267261258137139e-02,2.038763960093880820e-02,9.652596877864797476e-01
1.188331281017430616e-02,1.385192607625185812e-01,8.495974264273069565e-01
