9.597980242535223416e-01,3.589572844814794411e-02,4.306247298329646603e-03
9.389619627277036029e-01,5.647459949422032471e-02,4.563437778076061095e-03
9.532526820084730179e-01,4.193059567516782549e-02,4.816722316359206904e-03
9.453118605235955041e-01,4.944223961033719639e-02,5.245899866067337686e-03
9.643903537553293326e-01,3.110697638130598131e-02,4.502669863364735549e-03
9.675133704240349575e-01,2.746721766616277635e-02,5.019411909802264440e-03
9.624353316763479826e-01,3.221625021666579824e-02,5.348418106986244265e-03
9.552725819355769588e-01,4.036495266031162737e-02,4.362465404111333205e-03
9.386058161694643687e-01,5.530012086708883251e-02,6.094062963446899434e-03
9.389086608964370972e-01,5.640891422114855530e-02,4.682424882414424651e-03
9.613733149463398187e-01,3.402096075829932204e-02,4.605724295360951251e-03
9.551831902488687742e-01,3.991545618773340715e-02,4.901353563397880218e-03
9.371871755507957813e-01,5.800879309584518195e-02,4.804031353359111342e-03
9.462068877132616684e-01,4.659488460883014216e-02,7.198227677908225833e-03
9.655496874679537767e-01,2.762064744025086171e-02,6.829665091795365968e-03
9.734728858692296427e-01,1.931833447217929517e-02,7.208779658591016153e-03
9.727104857257102832e-01,2.234809636355331725e-02,4.941417910736303244e-03
9.621416684126480323e-01,3.361581311088978480e-02,4.242518476462127375e-03
9.572474581240209002e-01,3.717865227726029759e-02,5.573889598718735454e-03
9.699225237207402817e-01,2.542451528368763411e-02,4.652960995572107648e-03
9.435701943977985451e-01,5.153781286687894592e-02,4.891992735322493388e-03
9.688754625240679763e-01,2.662475378659829098e-02,4.499783689333652914e-03
9.688602130399209811e-01,2.426558225228099552e-02,6.874204707798006048e-03
9.502029976096358910e-01,4.490737640056524649e-02,4.889625989798924988e-03
9.455562803368678937e-01,4.832818953172578896e-02,6.115530131406385871e-03
9.316229533316363609e-01,6.355198176393613008e-02,4.825064904427626977e-03
9.575896571554982639e-01,3.790464930516678627e-02,4.505693539334975836e-03
9.567937881896827479e-01,3.888055188274071317e-02,4.325659927576435727e-03
9.542910882762100089e-01,4.141204143926618952e-02,4.296870284523811138e-03
9.468373491403087039e-01,4.804732105614121368e-02,5.115329803550189985e-03
9.404963617837794887e-01,5.461536183737149275e-02,4.888276378849083607e-03
9.536504602300066580e-01,4.177673623786365420e-02,4.572803532129569859e-03
9.717646281695967447e-01,2.249069185654783976e-02,5.744679973855412042e-03
9.730594031130764821e-01,2.098856822289747737e-02,5.952028664026045787e-03
9.389086608964370972e-01,5.640891422114855530e-02,4.682424882414424651e-03
9.512731077974367899e-01,4.423937004375047555e-02,4.487522158812654732e-03
9.546528080151540641e-01,4.043215842261804749e-02,4.915033562227831207e-03
9.389086608964370972e-01,5.640891422114855530e-02,4.682424882414424651e-03
9.460014777334686542e-01,4.797659583309784453e-02,6.021926433433532483e-03
9.539590903050336745e-01,4.173783869916513484e-02,4.303070995801127306e-03
9.645095654247887174e-01,3.111339849764875945e-02,4.377036077562510182e-03
9.044993057530249514e-01,8.798677733874363249e-02,7.513916908231480299e-03
9.548105606494552422e-01,3.899143186768688762e-02,6.198007482857953443e-03
9.640622892015324741e-01,3.097019070932213736e-02,4.967520089145337388e-03
9.627739137076049003e-01,3.151118772850015209e-02,5.714898563894827907e-03
9.432251889389466903e-01,5.213646244079100933e-02,4.638348620262366245e-03
9.666033714998669701e-01,2.855957199709561675e-02,4.837056503037383617e-03
9.522795695732093613e-01,4.256428125798512180e-02,5.156149168805469231e-03
9.628724225076519261e-01,3.262524076026237368e-02,4.502336732085741866e-03
9.527373898268283181e-01,4.296296737490314793e-02,4.299642798268513144e-03
1.289179845664977647e-02,9.481512079844496288e-01,3.895699355890058085e-02
1.330976185747088057e-02,9.180074593569914621e-01,6.868277878553757931e-02
8.008968361673984154e-03,8.957758266522427570e-01,9.621520498608328309e-02
5.729865987600614788e-03,9.009650982959804821e-01,9.330503571641894645e-02
6.034926811710248848e-03,9.052733907810295300e-01,8.869168240726021946e-02
5.513082934717412724e-03,8.804676483428341971e-01,1.140192687224484275e-01
9.728506020043480376e-03,8.300802462857566066e-01,1.601912476942000674e-01
3.541269079781312473e-02,9.231178931380777941e-01,4.146941606410903952e-02
8.139990706623762701e-03,9.430683569750623052e-01,4.879165231831389393e-02
1.159635289621670402e-02,8.755332090444448712e-01,1.128704380593384959e-01
1.266924877000421591e-02,9.217719448619522415e-01,6.555880636804355122e-02
1.348204581940892072e-02,9.014398508751850780e-01,8.507810330540602206e-02
8.021565191923110683e-03,9.580858077606575485e-01,3.389262704741933391e-02
5.272808749886094548e-03,7.683757410539037158e-01,2.263514501962101688e-01
4.508048107600170357e-02,9.228900435007931780e-01,3.202947542320504909e-02
1.598180592113825418e-02,9.520811279585519316e-01,3.193706612030970671e-02
6.345175882633107868e-03,8.378087950792917349e-01,1.558460290380751234e-01
1.290060246671510466e-02,9.521171395747595190e-01,3.498225795852529657e-02
4.103223595523361120e-03,7.086608937100780103e-01,2.872358826943986476e-01
1.188831491249120464e-02,9.419837601384641879e-01,4.612792494904457280e-02
5.764772555712734114e-03,6.074904787794388472e-01,3.867447486648484256e-01
1.749917222834311559e-02,9.481953558091797962e-01,3.430547196247717839e-02
4.228872477670864508e-03,5.872608585604977005e-01,4.085102689618314020e-01
5.358587177546472041e-03,9.065069432344901035e-01,8.813446958796347652e-02
1.255978022195214025e-02,9.512129429896586386e-01,3.622727678838929405e-02
1.274316762903665926e-02,9.481837893127065264e-01,3.907304305825681778e-02
6.209723608417197158e-03,9.121181044341639677e-01,8.167217195741875713e-02
5.621301639053936927e-03,6.552596425370418309e-01,3.391190558239042252e-01
6.256815755249767880e-03,8.417963437217752531e-01,1.519468405229750241e-01
3.664335955033074660e-02,9.495948745866868990e-01,1.376176586298229372e-02
1.199545793601414917e-02,9.401069364964638186e-01,4.789760556752215709e-02
1.615819495121375432e-02,9.509186906226481106e-01,3.292311442613820444e-02
1.726909837609728188e-02,9.449642531621441632e-01,3.776664846175852713e-02
3.398554575896774958e-03,4.682453398025958613e-01,5.283561056215073659e-01
6.055850539011271155e-03,8.155607361707279956e-01,1.783834132902607228e-01
1.556342641895299035e-02,8.273354660601406341e-01,1.571011075209063912e-01
8.926188562417440575e-03,9.176064340524398011e-01,7.346737738514266813e-02
4.875157542661649746e-03,9.209025951788235576e-01,7.422224727851481352e-02
1.762413729961525427e-02,9.099339472539278439e-01,7.244191544645686709e-02
7.780737228970454819e-03,9.064152394464126683e-01,8.580402332461688208e-02
4.896542442808232178e-03,8.834431009115488731e-01,1.116603566456429303e-01
7.045299921888341366e-03,8.583185664210875032e-01,1.346361336570241485e-01
1.141782759179107466e-02,9.407754944839921141e-01,4.780667792421683382e-02
3.022710629659205311e-02,9.312262316148489649e-01,3.854666208855895421e-02
7.602979761768779293e-03,9.009095358840748524e-01,9.148748435415640645e-02
1.570331026895415913e-02,9.233889820526828274e-01,6.090770767836294758e-02
1.173238944247904578e-02,9.115273697061714309e-01,7.674024085134938111e-02
1.158959912293805981e-02,9.406455867650524993e-01,4.776481411200945298e-02
7.473485371394453236e-02,9.035402671733380187e-01,2.172487911271741776e-02
1.199310640156792812e-02,9.186083888771707784e-01,6.939850472126132819e-02
4.011663722197369997e-03,4.337414595643234588e-02,9.526141903213702911e-01
2.742187012500718439e-03,1.228367531255908918e-01,8.744210598619084340e-01
2.988352778890983070e-03,8.997061833493075200e-02,9.070410288861783243e-01
2.850390870082540259e-03,8.972228534955832557e-02,9.074273237803591741e-01
2.905418089035618611e-03,6.985511597003886408e-02,9.272394659409255446e-01
3.755293642854609214e-03,1.017716282696974894e-01,8.944730780874478038e-01
4.285603883462231131e-03,3.831134883466442709e-01,6.126009077698935101e-01
3.349765258145203772e-03,1.093638062351586088e-01,8.872864285066961454e-01
3.426977981322892192e-03,1.082465854385457615e-01,8.883264365801313289e-01
3.921484564837885919e-03,5.007483810875010960e-02,9.460036773264119958e-01
4.768544390647751555e-03,1.535974676570797115e-01,8.416339879522725109e-01
3.023218194999834248e-03,1.000140581545822804e-01,8.969627236504178480e-01
3.232252731667788117e-03,8.648154561074410107e-02,9.102862016575881121e-01
2.753150303166202427e-03,1.210314236994672332e-01,8.762154259973666814e-01
3.376879665332632903e-03,5.300795291820518951e-02,9.436151674164621195e-01
3.698426921531759205e-03,5.669416032568833780e-02,9.396074127527799247e-01
3.051386943471778249e-03,9.861608790513338996e-02,8.983325251513948340e-01
5.768465884358887734e-03,7.393306650976852468e-02,9.202984676058725277e-01
6.663029977717466017e-03,1.125360516759424945e-01,8.808009183463401115e-01
3.883766680475934582e-03,2.378600616695901171e-01,7.582561716499339743e-01
3.269808124341144068e-03,6.708882547709879574e-02,9.296413663985600984e-01
3.184888533513314125e-03,8.101648959038409981e-02,9.157986218761025032e-01
4.943936449904794313e-03,1.126885145524598730e-01,8.823675489976353647e-01
4.003852347847436204e-03,2.463339129989201570e-01,7.496622346532323400e-01
3.157445104732196049e-03,6.899348291251572451e-02,9.278490719827521271e-01
3.160105332966069939e-03,1.069298206491670483e-01,8.899100740178669255e-01
4.304098512494740347e-03,2.819872870443903556e-01,7.137086144431149526e-01
4.441163248527727619e-03,2.518180089825043377e-01,7.437408277689678826e-01
2.856902182522850272e-03,7.999545500195337500e-02,9.171476428155238558e-01
4.153860315040555813e-03,1.390322012708375132e-01,8.568139384141220116e-01
3.515012559529302749e-03,1.123107471831678444e-01,8.841742402573027348e-01
6.569452466180599262e-03,1.062782934777058985e-01,8.871522540561134207e-01
2.944368092821241737e-03,7.557319780865534575e-02,9.214824340985234841e-01
4.246959998372932740e-03,3.289326063647371456e-01,6.668204336368899199e-01
3.479706973285467356e-03,1.538344313672239672e-01,8.426858616594907758e-01
4.316614345014251411e-03,9.756857300483957884e-02,8.981148126501461437e-01
3.895111766365542787e-03,4.044185644256391432e-02,9.556630317910705941e-01
3.115198901537551222e-03,9.253058679977536893e-02,9.043542142986871202e-01
4.694824563644209650e-03,3.136064659735475213e-01,6.816987094628083055e-01
3.693484452513594220e-03,9.422837915074916415e-02,9.020781363967372846e-01
3.385385550681739228e-03,6.066054704310237106e-02,9.359540674062158949e-01
5.405984618503889561e-03,1.315730971209172484e-01,8.630209182605789175e-01
2.742187012500718439e-03,1.228367531255908918e-01,8.744210598619084340e-01
3.030394830360699961e-03,6.391192194183273334e-02,9.330576832278065780e-01
3.688005097219107607e-03,4.835163803447074110e-02,9.479603568683101500e-01
4.026482791520443437e-03,7.711983628195417939e-02,9.188536809265253069e-01
3.588915722793589117e-03,1.912210875724195680e-01,8.051899967047869699e-01
3.607875546325250635e-03,1.339551390707256207e-01,8.624369853829489951e-01
3.991027439938424522e-03,4.390825638609277548e-02,9.521007161739687419e-01
3.519710489300422341e-03,1.773492715256504981e-01,8.191310179850490591e-01
