5.355351903466113068e-03,9.070611023978210063e-01,8.758354569871293349e-02
9.572013741998930403e-01,3.739022146521112089e-02,5.408404334895864848e-03
6.670768517425788510e-03,1.126688929465113342e-01,8.806603385360629588e-01
6.254384862383681812e-03,8.424728613202394634e-01,1.512727538173769259e-01
6.203165815070914475e-03,9.132939402673709850e-01,8.050289391755816037e-02
9.536220876753016551e-01,4.194001969146925191e-02,4.437892633229133764e-03
4.507194072964252479e-02,9.229600993665634245e-01,3.196795990379402985e-02
5.417442539194663488e-03,1.321645370018552368e-01,8.624180204589501075e-01
4.079608865394017056e-03,7.105594935186222427e-01,2.853608976159837107e-01
1.726527777752533480e-02,9.450274613898762555e-01,3.770726083259842015e-02
4.778269282146716500e-03,1.548179105362673114e-01,8.404038201815859921e-01
9.372072933676450779e-01,5.812705349070799998e-02,4.665653141646902181e-03
9.546592331032854872e-01,4.056554527482493511e-02,4.775221621889567253e-03
9.389214636043055062e-01,5.653366157727916091e-02,4.544874818415349342e-03
9.699454795821303987e-01,2.553918178165880126e-02,4.515338636210724545e-03
9.724870824186450033e-03,8.310917783567408623e-01,1.591833508190727553e-01
2.904107159865013544e-03,6.986611850907330223e-02,9.272297743310616847e-01
1.188349833505791472e-02,9.420854891289235367e-01,4.603101253601862147e-02
5.510955761190577257e-03,8.810160626863565714e-01,1.134729815524527646e-01
2.943925636498192274e-03,7.558540784831818682e-02,9.214706665151837228e-01
9.468511889436881379e-01,4.818367891261917529e-02,4.965132143692783939e-03
4.446821873278387210e-03,2.543291460835974682e-01,7.412240320431240370e-01
9.575781146088255813e-01,3.805082998097554514e-02,4.371055410198899580e-03
2.856392272992156357e-03,8.001406639676993116e-02,9.171295413302378297e-01
6.597588177169811524e-03,1.067006541566028754e-01,8.867017576662273859e-01
4.028971476860576315e-03,7.732177326969527642e-02,9.186492552534442080e-01
3.427807068007842142e-03,1.082802013142436792e-01,8.882919916177485220e-01
3.028468972080481086e-03,6.393404730329466101e-02,9.330374837246249164e-01
9.432272490242890051e-01,5.226694122512747648e-02,4.505809750583432589e-03
9.404931665752770398e-01,5.476197522746955454e-02,4.744858197253535789e-03
